backbone: ctranspath
train: (100000, 768), val: (7180, 768)

              precision    recall  f1-score   support

         ADI      0.988     0.986     0.987      1338
        BACK      1.000     1.000     1.000       847
         DEB      0.942     0.959     0.950       339
         LYM      0.997     1.000     0.998       634
         MUC      0.992     0.967     0.979      1035
         MUS      0.829     0.870     0.849       592
        NORM      0.933     0.995     0.963       741
         STR      0.806     0.760     0.782       421
         TUM      0.992     0.965     0.978      1233

    accuracy                          0.959      7180
   macro avg      0.942     0.945     0.943      7180
weighted avg      0.960     0.959     0.959      7180


confusion matrix:
[[1319    0    0    0    0   15    4    0    0]
 [   0  847    0    0    0    0    0    0    0]
 [   0    0  325    0    0   12    0    1    1]
 [   0    0    0  634    0    0    0    0    0]
 [  16    0    0    0 1001    0   17    1    0]
 [   0    0    0    0    3  515    0   74    0]
 [   0    0    0    2    1    0  737    0    1]
 [   0    0    8    0    4   79    2  320    8]
 [   0    0   12    0    0    0   30    1 1190]]