backbone: ctranspath (variant=nonorm)
train: (100000, 768), val: (7180, 768)

              precision    recall  f1-score   support

         ADI      0.999     0.954     0.976      1338
        BACK      0.996     0.295     0.455       847
         DEB      0.270     0.838     0.408       339
         LYM      0.998     0.811     0.895       634
         MUC      0.938     0.583     0.719      1035
         MUS      0.748     0.721     0.734       592
        NORM      0.666     0.993     0.797       741
         STR      0.545     0.770     0.638       421
         TUM      0.957     0.910     0.933      1233

    accuracy                          0.771      7180
   macro avg      0.791     0.764     0.728      7180
weighted avg      0.867     0.771     0.778      7180


confusion matrix:
[[1276    0    0    0    5   54    3    0    0]
 [   0  250  593    0    0    2    0    2    0]
 [   0    1  284    0    0    8    0    0   46]
 [   1    0  114  514    0    0    1    4    0]
 [   0    0    2    1  603    0  343   84    2]
 [   0    0    0    0    0  427    0  165    0]
 [   0    0    2    0    2    0  736    0    1]
 [   0    0   10    0    7   79    0  324    1]
 [   0    0   47    0   26    1   22   15 1122]]